-0.515656 
-1.28012 
0.402614 
0.446308 
-0.469372 
-0.549226 
-0.398993 
-0.478057 
0.553682 
-0.407413 
-0.171589 
0.479726 
0.0846288 
-0.136456 
-0.253531 
-0.901523 
-0.820211 
-0.416779 
-0.375521 
-0.580661 
-0.0455531 
-0.202727 
0.0665227 
-0.331116 
0.502487 
0.455398 
0.540265 
-0.00871758 
0.08419 
0.0171116 
-0.197662 
0.223283 
0.0638821 
-0.316873 
-0.343296 
-0.506579 
-0.459043 
-0.639687 
-0.373795 
-0.298847 
-0.423544 
-0.553163 
-0.642068 
-1.09767 
-0.37341 
-0.39025 
-0.368666 
-0.319664 
-0.43412 
-0.666325 
-0.722007 
-1.01952 
-0.707026 
-0.510481 
-0.4615 
-0.395537 
-0.420501 
-0.42869 
-0.40368 
-0.595374 
-0.523391 
-0.526856 
-0.522841 
-0.409854 
-0.829353 
-0.968529 
-0.850068 
-0.459784 
-0.391532 
-0.327833 
-0.236314 
-0.365542 
-0.315001 
-0.225901 
-0.262967 
-0.099753 
0.0289884 
-0.0780129 
0.213276 
0.524129 
0.253441 
0.105396 
0.241274 
0.448668 
0.17469 
0.206329 
0.0276911 
-0.113773 
-0.369851 
-0.459213 
-0.264917 
-0.293458 
-0.173433 
0.239483 
0.194904 
-0.106873 
-0.162288 
0.275267 
-0.232972 
-0.239991 
-0.306474 
-0.354108 
-0.20867 
-0.137992 
-0.0244207 
0.111406 
-0.18442 
-0.245793 
-0.161405 
-0.051552 
-0.324223 
-0.0895629 
-0.11753 
-0.0837585 
-0.103542 
-0.230175 
-0.0329582 
0.0640431 
-0.0608368 
-0.276331 
-0.159984 
-0.398542 
-0.408834 
-0.469648 
-0.557636 
-0.618191 
-0.552397 
-0.402067 
-0.394146 
-0.455291 
-0.52291 
-0.349248 
-0.726264 
-0.722334 
-0.766598 
-0.919038 
-0.706744 
-0.613753 
-0.534183 
-0.462719 
-0.399406 
-0.48362 
-0.445133 
-0.507784 
-0.599539 
-0.538042 
-0.57376 
-0.41767 
-0.437066 
-0.392928 
-0.361753 
-0.366777 
-0.388244 
-0.339419 
-0.2995 
-0.343242 
-0.335991 
-0.393204 
-0.632226 
-0.58228 
-0.704025 
-0.353083 
-0.300407 
-0.267748 
-0.269501 
-0.422045 
-0.40392 
-0.435284 
-0.454658 
-0.475499 
-0.423337 
-0.402904 
-0.405906 
-0.393858 
-0.438345 
-0.400857 
-0.45342 
-0.513878 
-0.496708 
-0.435332 
-0.481225 
-0.429221 
-0.400878 
-0.391662 
-0.387624 
-0.482382 
-0.51293 
-0.377961 
-0.400427 
-0.399496 
-0.778624 
-0.825455 
-0.436083 
0.0582964 
0.132159 
-0.483372 
-0.528914 
-0.602872 
-0.624553 
-0.533881 
-0.581597 
-0.230158 
-0.352235 
-0.804744 
-0.687237 
-0.730512 
-0.816222 
-0.998502 
-0.947972 
-1.01279 
-1.19281 
-1.13074 
-0.43642 
0.149601 
0.270424 
0.178423 
0.100214 
0.522896 
0.479887 
0.393509 
0.366464 
0.357629 
0.542723 
0.231157 
0.551849 
0.367303 
0.383854 
0.335377 
0.311417 
0.222523 
0.429484 
0.182704 
0.383791 
0.356265 
0.167244 
0.285468 
-0.128938 
0.247473 
0.141806 
0.0471235 
-0.0254761 
-0.0376466 
0.152454 
0.0792715 
0.00403202 
-0.0859265 
0.181077 
0.502147 
0.19661 
0.11516 
0.0163452 
-0.0330079 
-0.040367 
-0.0738486 
-0.094182 
-0.176222 
-0.166949 
-0.264787 
-0.177221 
-0.145697 
0.116048 
0.111928 
0.121196 
0.0168829 
-0.0561447 
-0.229877 
-0.272477 
-0.271586 
-0.225381 
-0.221676 
0.0417874 
0.134622 
0.237126 
0.461053 
0.318338 
0.442396 
0.335885 
0.342201 
0.1127 
0.0601539 
0.0963742 
0.204735 
-0.0749631 
0.291346 
-0.291074 
0.00418328 
0.376263 
0.282071 
-0.304444 
-0.336109 
-0.388596 
-0.375833 
-0.581995 
-0.556904 
-0.537319 
-0.559262 
-0.562091 
-0.529221 
-0.490196 
-0.545842 
-0.467009 
-0.425366 
-0.383611 
-0.343393 
-0.498213 
-0.391428 
-0.341964 
-0.432675 
-0.356752 
-0.951157 
-1.03973 
-0.879646 
-0.420081 
-0.43909 
-0.46601 
-0.389361 
-0.4684 
-0.426361 
-0.362941 
-0.323553 
-0.412427 
-0.268954 
-0.188245 
-0.20919 
-0.313306 
-0.236322 
-0.200406 
-0.187715 
-0.156109 
-0.282284 
-0.258297 
-0.082668 
-0.0174959 
0.0259562 
-0.229274 
-0.101613 
-0.314763 
-0.124965 
-0.0428019 
0.035014 
-0.275111 
-0.169053 
-0.344815 
-0.657267 
-0.846575 
-0.518221 
-0.588922 
-0.579811 
-0.359176 
-0.478392 
-0.407141 
-0.400374 
-0.402895 
-0.397209 
-0.421905 
-0.41378 
-0.492381 
-0.474177 
-0.448295 
-0.592681 
-0.475139 
-0.534201 
-0.554685 
-0.457317 
-0.493785 
-0.484561 
-0.40099 
-0.394332 
0.11648 
-0.634985 
-0.790412 
-0.766186 
-0.902173 
0.32414 
0.422331 
0.290702 
0.226197 
-0.00909424 
-0.0579688 
-0.13815 
-0.15179 
-0.112569 
-0.126279 
-0.218844 
-0.147246 
-0.137106 
-0.0970964 
-0.0266365 
-0.288335 
0.161986 
0.370261 
0.187073 
0.301623 
-0.306374 
0.380868 
-0.382943 
-0.49992 
-0.305305 
-1.07938 
-0.389966 
-0.298367 
0.0273424 
0.0263359 
-0.422038 
-0.518356 
-0.449637 
-0.690976 
0.233794 
0.357803 
-0.320384 
-1.16257 
