-0.0481569 0.985949 
-0.131798 0.975811 
-0.207835 0.947931 
-0.276269 0.902309 
-0.334564 0.846548 
-0.375117 0.770511 
-0.38779 0.691939 
-0.385255 0.615902 
-0.367513 0.552537 
-0.392859 0.499311 
-0.390324 0.433412 
-0.342168 0.382721 
-0.261061 0.357375 
-0.253457 0.250923 
-0.235715 0.200231 
-0.217973 0.174886 
-0.182489 0.0988484 
-0.334564 0.0582952 
-0.425808 0.0202766 
-0.514519 -0.0633644 
-0.53733 -0.0988484 
-0.577883 -0.141936 
-0.699543 -0.230646 
-0.727423 -0.29908 
-0.707146 -0.372582 
-0.646316 -0.397928 
-0.567745 -0.400463 
-0.542399 -0.367513 
-0.451154 -0.286407 
-0.395394 -0.250923 
-0.352306 -0.220508 
-0.311753 -0.162213 
-0.347237 -0.309218 
-0.352306 -0.390324 
-0.344702 -0.425809 
-0.362444 -0.588021 
-0.35991 -0.699543 
-0.433412 -0.767976 
-0.463827 -0.871894 
-0.435947 -0.953 
-0.324426 -0.98088 
-0.174886 -0.960604 
-0.106452 -0.912447 
-0.0684335 -0.838944 
-0.0811064 -0.735027 
-0.0582952 -0.676731 
-0.0582952 -0.595625 
-0.0380186 -0.514519 
-0.0202766 -0.494242 
0.0126729 -0.496777 
0.0253457 -0.522122 
0.0278803 -0.694473 
0.0278803 -0.729957 
0.0380186 -0.83134 
0.0709681 -0.902309 
0.220508 -0.975811 
0.362444 -0.98088 
0.446085 -0.927654 
0.453689 -0.823737 
0.405532 -0.735027 
0.329495 -0.68687 
0.332029 -0.575348 
0.314287 -0.453689 
0.32696 -0.26613 
0.294011 -0.152074 
0.420739 -0.243319 
0.466362 -0.26613 
0.501846 -0.304149 
0.555072 -0.370048 
0.615902 -0.382721 
0.643782 -0.364979 
0.702077 -0.347237 
0.745165 -0.258527 
0.719819 -0.17742 
0.613367 -0.12166 
0.580418 -0.106452 
0.484104 -0.017742 
0.357375 0.0633644 
0.23825 0.083641 
0.172351 0.114056 
0.220508 0.21037 
0.248388 0.283872 
0.255992 0.380186 
0.321891 0.435947 
0.347237 0.524657 
0.32696 0.582952 
0.332029 0.745165 
0.283872 0.856686 
0.187559 0.927654 
0.0633644 0.973277 
